# H
        4.5000000000E+01        1.2382817651E+01
        7.5000000000E+00        3.2300300000E+00
        1.5000000000E+00        9.6600300000E-01
        3.0000000000E-01        2.8890200000E-01
# C
        1.1140000000E+03        1.3742800000E+02
        2.2300000000E+02        4.1128100000E+01
        5.5720000000E+01        1.4535100000E+01
        1.3900000000E+01        5.1306400000E+00
        4.4000000000E+00        2.1652100000E+00
        8.7000000000E-01        6.4202100000E+00
        2.2000000000E-01        2.2894300000E-01
        4.4000000000E+00        9.0835600000E+00
        4.4000000000E+00        9.0835600000E+00
        4.4000000000E+00        9.0835600000E+00
        8.7000000000E-01        1.1976800000E+00
        8.7000000000E-01        1.1976800000E+00
        8.7000000000E-01        1.1976800000E+00
        2.2000000000E-01        2.1476700000E-01
        2.2000000000E-01        2.1476700000E-01
        2.2000000000E-01        2.1476700000E-01
        4.4000000000E+00        2.2001500000E+01
        4.4000000000E+00        3.8107700000E+01
        4.4000000000E+00        2.2001500000E+01
        4.4000000000E+00        3.8107700000E+01
        4.4000000000E+00        3.8107700000E+01
        4.4000000000E+00        2.2001500000E+01
        8.7000000000E-01        1.2899400000E+00
        8.7000000000E-01        2.2342300000E+00
        8.7000000000E-01        1.2899400000E+00
        8.7000000000E-01        2.2342300000E+00
        8.7000000000E-01        2.2342300000E+00
        8.7000000000E-01        1.2899400000E+00
        2.2000000000E-01        1.1631900000E-01
        2.2000000000E-01        2.0147000000E-01
        2.2000000000E-01        1.1631900000E-01
        2.2000000000E-01        2.0147000000E-01
        2.2000000000E-01        2.0147000000E-01
        2.2000000000E-01        1.1631900000E-01
# N
        1.6400000000E+03        1.8367200000E+02
        3.2800000000E+02        5.4930700000E+01
        8.2000000000E+01        1.9421000000E+01
        2.0500000000E+01        6.8663400000E+00
        6.4000000000E+00        2.8677700000E+00
        1.2800000000E+00        8.5766500000E-01
        3.2000000000E-01        3.0323000000E-01
        6.4000000000E+00        1.4509900000E+01
        6.4000000000E+00        1.4509900000E+01
        6.4000000000E+00        1.4509900000E+01
        1.2800000000E+00        1.9406700000E+00
        1.2800000000E+00        1.9406700000E+00
        1.2800000000E+00        1.9406700000E+00
        3.2000000000E-01        3.4306600000E-01
        3.2000000000E-01        3.4306600000E-01
        3.2000000000E-01        3.4306600000E-01
        6.4000000000E+00        4.2386200000E+01
        6.4000000000E+00        7.3415000000E+01
        6.4000000000E+00        4.2386200000E+01
        6.4000000000E+00        7.3415000000E+01
        6.4000000000E+00        7.3415000000E+01
        6.4000000000E+00        4.2386200000E+01
        1.2800000000E+00        2.5352900000E+00
        1.2800000000E+00        4.3912400000E+00
        1.2800000000E+00        2.5352900000E+00
        1.2800000000E+00        4.3912400000E+00
        1.2800000000E+00        4.3912400000E+00
        1.2800000000E+00        2.5352900000E+00
        3.2000000000E-01        2.2409000000E-01
        3.2000000000E-01        3.8813500000E-01
        3.2000000000E-01        2.2409000000E-01
        3.2000000000E-01        3.8813500000E-01
        3.2000000000E-01        3.8813500000E-01
        3.2000000000E-01        2.2409000000E-01
# O
        2.0000000000E+03        2.1314865129E+02
        4.0000000000E+02        6.3746315186E+01
        1.0000000000E+02        2.2537725872E+01
        2.5000000000E+01        7.9682900000E+00
        7.8000000000E+00        3.3264500000E+00
        1.5600000000E+00        9.9484100000E-01
        3.9000000000E-01        3.5172900000E-01
        7.8000000000E+00        1.8580500000E+01
        7.8000000000E+00        1.8580500000E+01
        7.8000000000E+00        1.8580500000E+01
        1.5600000000E+00        2.4851100000E+00
        1.5600000000E+00        2.4851100000E+00
        1.5600000000E+00        2.4851100000E+00
        3.9000000000E-01        4.3931000000E-01
        3.9000000000E-01        4.3931000000E-01
        3.9000000000E-01        4.3931000000E-01
        7.8000000000E+00        5.9920400000E+01
        7.8000000000E+00        1.0378500000E+02
        7.8000000000E+00        5.9920400000E+01
        7.8000000000E+00        1.0378500000E+02
        7.8000000000E+00        1.0378500000E+02
        7.8000000000E+00        5.9920400000E+01
        1.5600000000E+00        3.5840800000E+00
        1.5600000000E+00        6.2078100000E+00
        1.5600000000E+00        3.5840800000E+00
        1.5600000000E+00        6.2078100000E+00
        1.5600000000E+00        6.2078100000E+00
        1.5600000000E+00        3.5840800000E+00
        3.9000000000E-01        3.1679100000E-01
        3.9000000000E-01        5.4869800000E-01
        3.9000000000E-01        3.1679100000E-01
        3.9000000000E-01        5.4869800000E-01
        3.9000000000E-01        5.4869800000E-01
        3.9000000000E-01        3.1679100000E-01
        
